 259       0 nvme0n1 64237 13 2808235 23444 33042 24985 4779004 199861 0 27912 219790
 259       1 nvme0n1p1 1593 0 9011 712 2 0 2 5 0 44 717
 259       2 nvme0n1p2 76 0 7328 14 0 0 0 0 0 11 14
 259       3 nvme0n1p3 79 0 7460 20 0 0 0 0 0 20 20
 259       4 nvme0n1p4 81 0 7280 30 0 0 0 0 0 26 30
 259       5 nvme0n1p5 129 0 9456 35 3 0 18 1 0 29 36
 259       6 nvme0n1p6 62186 13 2761348 22606 30407 24985 4778984 194932 0 27898 217476
 253       0 dm-0 61793 0 2740858 22519 50898 0 4643088 264624 0 28094 288957
 253       1 dm-1 125 0 9256 28 2 0 0 0 0 17 28
 253       2 dm-2 218 0 7394 72 4600 0 135896 17186 0 4967 18550
